{
  "MAE": 8.361071586608887,
  "best_params": {
    "dropout": 0.11375540844608736,
    "lr": 0.0035067764992972213,
    "wd": 5.975027999960288e-07,
    "batch": 32,
    "emb_factor": 1.4107233631462637
  }
}